% optiixonaxisz1_v2.in
% author: Luis Marchen               
% Description: File with segmented PM
% Date Created: 02/23/12

Pgplotimage= Color

ChfRayDir=  0.000000000000000D+00  0.000000000000000D+00  1.000000000000000D+00
ChfRayPos=  0.000000000000000D+00  0.000000000000000D+00  -1.300000000000000D+03
OPDRefRayLen=  3.23613081661334D+03
%ShowMetData= N
  zSource=  1.000000000000000D+22
   IndRef=  1.000000000000000D+00
   Extinc=  0.000000000000000D+00
  Wavelen=  6.330000000000000D-04
     Flux=  1.000000000000000D+00
 GridType=  Circular
 Aperture=  1.450000000000000D+03
 Obscratn=  0.000000000000000D+00
 nGridpts=  512
    xGrid=  1.000000000000000D+00  0.000000000000000D+00  0.000000000000000D+00
    yGrid=  0.000000000000000D+00  1.000000000000000D+00  0.000000000000000D+00
     nElt=  18

     iElt=  1
  EltName=  Entrance
  Element=  Reference
  Surface=  Conic
    KrElt=  -1.000000000000000D+22
    KcElt=  0.000000000000000D+00
   psiElt=  0.000000000000000D+00  0.000000000000000D+00  1.000000000000000D+00
   VptElt=  0.000000000000000D+00  0.000000000000000D+00  -1.200000000000000D+03
   RptElt=  0.000000000000000D+00  0.000000000000000D+00  -1.200000000000000D+03
   IndRef=  1.000000000000000D+00
   Extinc=  0.000000000000000D+00
     nObs=  0
   ApType=  None
     zElt=  1.000000000000000D+22
 PropType=  Geometric
  nECoord=  -6

    iElt=  2
  EltName=  NS_RefFlat1
  Element=  Reference
  Surface=  Flat
    KrElt=  -1.000000000000000D+22
    KcElt=  0.000000000000000D+00
   psiElt=  0.000000000000000D+00  0.000000000000000D+00  -1.000000000000000D+00
   VptElt=  0.000000000000000D+00  0.000000000000000D+00   -5.000000000000000D+02
   RptElt=  0.000000000000000D+00  0.000000000000000D+00   -5.000000000000000D+02
   IndRef=  1.000000000000000D+00
   Extinc=  0.000000000000000D+00
     nObs=  0
   ApType=  none
     zElt=  1.000000000000000D+22
 PropType=  Geometric
  nECoord=  -6

     iElt= 3
  EltName= PM
  Element= NSReflector
  NSCount= 1
  Surface= Conic
    KrElt=  -2.20000331025D+03
    KcElt=  -9.964542795480000D-01
   psiElt=  0.00000000000D+00 0.00000000000D+00 -1.00000000000D+00
   VptElt=  0.00000000000D+00 0.00000000000D+00 0.00000000000D+00
   RptElt=  0.00000000000D+00 0.00000000000D+00 0.00000000000D+00
   IndRef=  1.00000000000D+00
   Extinc=  0.00000000000D+00
     nObs=    1
 ObsType= Circular
  ObsVec= 600.D0 0.D0 0.D0
   ApType= Circular
    ApVec=  210.0 0.0 0.0
     zElt=  2.20000331025D+03
 PropType=   Geometric
  nECoord=   -6


     iElt=  4
  EltName=  A6
  Element=  NSReflector
  NSCount=  1
  Surface=  Conic
    KrElt=  -2.200003310250000D+03
    KcElt=  -9.964542795480000D-01
   psiElt=  0.000000000000000D+00  0.000000000000000D+00  -1.000000000000000D+00
   VptElt=  0.000000000000000D+00  0.000000000000000D+00  0.000000000000000D+00
   RptElt=  2.444999999999999D+02  4.234864224505906D+02  -5.434798027140670D+01
   IndRef=  1.000000000000000D+00
   Extinc=  1.000000000000000D+22
 ZernType=  Malacara
 ZernCoef=  0.0  0.0  0.0  0.0  0.0  0.0
            0.0  0.0  0.0  0.0  0.0  0.0
            0.0  0.0  0.0  0.0  0.0  0.0
            0.0  0.0  0.0  0.0  0.0  0.0
            0.0  0.0  0.0  0.0  0.0  0.0
            0.0  0.0  0.0  0.0  0.0  0.0
            0.0  0.0  0.0  0.0  0.0  0.0
            0.0  0.0  0.0
 GridFile=  None
 nGridMat=  256
GridSrfdx=  1.960784313725490D+00
     pMon=  2.444999999999999D+02  4.234864224505906D+02  -5.434798027140670D+01
     xMon=  -8.660254037844387D-01  4.999999999999997D-01  0.000000000000000D+00
     yMon=  -4.880883439060753D-01  -8.453938102274742D-01  2.169771282234560D-01
     zMon=  1.084885641117279D-01  1.879077050817064D-01  9.761766878121512D-01
     lMon=  2.500000000000000D+02
     nObs=  0
     xObs=  1.000000000000000D+00  0.000000000000000D+00  0.000000000000000D+00
   ApType=  Polygonal
PolyApVec=  6
            2.470789491946205D+02  1.779532934858122D+02  -2.107200379415689D+01
            4.610063509461095D+02  2.984864224505906D+02  -6.855391130547309D+01
            4.584274017514888D+02  5.440195514153688D+02  -1.150361625114993D+02
            2.419210508053792D+02  6.690195514153688D+02  -1.150361625114993D+02
            2.799364905389017D+01  5.484864224505906D+02  -6.855391130547314D+01
            3.057259824851084D+01  3.029532934858121D+02  -2.107200379415688D+01
     zElt=  1.100001655125000D+03
  nMetPos=  6
	 182.127043910788          215.453293485812         -18.0889595991878
         225.42831410001          190.453293485812         -19.7935545258451
         459.201086509875          470.359612725935         -98.2130350516772
         458.685296670951          519.466238518891         -109.154294941155
          92.1718695793369          584.646361140024         -79.6202208359386
          49.3863892290391          560.539735347068         -71.9685679194901
  tMetElt= 11  6
	0 0 0 1 0 0
	0 1 0 0 0 0
	0 0 0 1 0 0
	0 0 0 0 0 1
	0 1 0 0 0 0
	0 0 0 0 0 1
 PropType=  Geometric
  nECoord=  6
     TElt=  -0.994096708781635     0d0                 -0.108497620202108   0d0 0d0 0d0
             0.0205103190565878    0.981969513805614   -0.187923390690362   0d0 0d0 0d0
             0.10654135535893     -0.1890393449956     -0.976172661798064   0d0 0d0 0d0
             0d0 0d0 0d0  -0.994096708781635     0d0                 -0.108497620202108
             0d0 0d0 0d0   0.0205103190565878    0.981969513805614   -0.187923390690362
             0d0 0d0 0d0   0.10654135535893     -0.1890393449956     -0.976172661798064
/*
     TElt=  -8.660254037844387D-01  -4.880883439060753D-01  1.084885641117279D-01  0.000000000000000D+00  0.000000000000000D+00  0.000000000000000D+00
            4.999999999999997D-01  -8.453938102274742D-01  1.879077050817064D-01  0.000000000000000D+00  0.000000000000000D+00  0.000000000000000D+00
            0.000000000000000D+00  2.169771282234560D-01  9.761766878121512D-01  0.000000000000000D+00  0.000000000000000D+00  0.000000000000000D+00
            0.000000000000000D+00  0.000000000000000D+00  0.000000000000000D+00  -8.660254037844387D-01  -4.880883439060753D-01  1.084885641117279D-01
            0.000000000000000D+00  0.000000000000000D+00  0.000000000000000D+00  4.999999999999997D-01  -8.453938102274742D-01  1.879077050817064D-01
            0.000000000000000D+00  0.000000000000000D+00  0.000000000000000D+00  0.000000000000000D+00  2.169771282234560D-01  9.761766878121512D-01
*/

     iElt=  5
  EltName=  A5
  Element=  NSReflector
  NSCount=  1
  Surface=  Conic
    KrElt=  -2.200003310250000D+03
    KcElt=  -9.964542795480000D-01
   psiElt=  0.000000000000000D+00  0.000000000000000D+00  -1.000000000000000D+00
   VptElt=  0.000000000000000D+00  0.000000000000000D+00  0.000000000000000D+00
   RptElt=  -2.445000000000001D+02  4.234864224505905D+02  -5.434798027140673D+01
   IndRef=  1.000000000000000D+00
   Extinc=  1.000000000000000D+22
 ZernType=  Malacara
 ZernCoef=  0.0  0.0  0.0  0.0  0.0  0.0
            0.0  0.0  0.0  0.0  0.0  0.0
            0.0  0.0  0.0  0.0  0.0  0.0
            0.0  0.0  0.0  0.0  0.0  0.0
            0.0  0.0  0.0  0.0  0.0  0.0
            0.0  0.0  0.0  0.0  0.0  0.0
            0.0  0.0  0.0  0.0  0.0  0.0
            0.0  0.0  0.0
 GridFile=  None
 nGridMat=  256
GridSrfdx=  1.960784313725490D+00
     pMon=  -2.445000000000001D+02  4.234864224505905D+02  -5.434798027140673D+01
     xMon=  -8.660254037844386D-01  -5.000000000000001D-01  0.000000000000000D+00
     yMon=  4.880883439060758D-01  -8.453938102274741D-01  2.169771282234560D-01
     zMon=  -1.084885641117280D-01  1.879077050817064D-01  9.761766878121512D-01
     lMon=  2.500000000000000D+02
     nObs=  0
     xObs=  1.000000000000000D+00  0.000000000000000D+00  0.000000000000000D+00
   ApType=  Polygonal
PolyApVec=  6
            -3.057259824851097D+01  3.029532934858121D+02  -2.107200379415689D+01
            -2.799364905389044D+01  5.484864224505906D+02  -6.855391130547314D+01
            -2.419210508053795D+02  6.690195514153688D+02  -1.150361625114993D+02
            -4.584274017514892D+02  5.440195514153688D+02  -1.150361625114993D+02
            -4.610063509461097D+02  2.984864224505904D+02  -6.855391130547309D+01
            -2.470789491946206D+02  1.779532934858121D+02  -2.107200379415689D+01
     zElt=  1.100001655125000D+03
  nMetPos=  6
	-95.5245035323439          265.453293485812         -18.0889595991878
         -52.2232333431219          290.453293485812         -19.7935545258451
         -177.742830279933          632.859612725935         -98.2130350516773
         -220.528310630231          656.966238518891         -109.154294941155
         -460.232666187724          372.146361140024         -79.6202208359386
         -460.748456026648          323.039735347068         -71.9685679194901
  tMetElt= 11  6
	0 0 0 0 1 0 
	0 0 1 0 0 0 
	0 0 0 0 1 0 
	1 0 0 0 0 0 
	0 0 1 0 0 0 
	1 0 0 0 0 0 
 PropType=  Geometric
  nECoord=  6
     TElt=  -8.660254037844386D-01  4.880883439060758D-01  -1.084885641117280D-01  0.000000000000000D+00  0.000000000000000D+00  0.000000000000000D+00
            -5.000000000000001D-01  -8.453938102274741D-01  1.879077050817064D-01  0.000000000000000D+00  0.000000000000000D+00  0.000000000000000D+00
            0.000000000000000D+00  2.169771282234560D-01  9.761766878121512D-01  0.000000000000000D+00  0.000000000000000D+00  0.000000000000000D+00
            0.000000000000000D+00  0.000000000000000D+00  0.000000000000000D+00  -8.660254037844386D-01  4.880883439060758D-01  -1.084885641117280D-01
            0.000000000000000D+00  0.000000000000000D+00  0.000000000000000D+00  -5.000000000000001D-01  -8.453938102274741D-01  1.879077050817064D-01
            0.000000000000000D+00  0.000000000000000D+00  0.000000000000000D+00  0.000000000000000D+00  2.169771282234560D-01  9.761766878121512D-01

     iElt=  6
  EltName=  A4
  Element=  NSReflector
  NSCount=  1
  Surface=  Conic
    KrElt=  -2.200003310250000D+03
    KcElt=  -9.964542795480000D-01
   psiElt=  0.000000000000000D+00  0.000000000000000D+00  -1.000000000000000D+00
   VptElt=  0.000000000000000D+00  0.000000000000000D+00  0.000000000000000D+00
   RptElt=  -4.890000000000000D+02  -2.994261423915279D-14  -5.434798027140671D+01
   IndRef=  1.000000000000000D+00
   Extinc=  1.000000000000000D+22
 ZernType=  Malacara
 ZernCoef=  0.0  0.0  0.0  0.0  0.0  0.0
            0.0  0.0  0.0  0.0  0.0  0.0
            0.0  0.0  0.0  0.0  0.0  0.0
            0.0  0.0  0.0  0.0  0.0  0.0
            0.0  0.0  0.0  0.0  0.0  0.0
            0.0  0.0  0.0  0.0  0.0  0.0
            0.0  0.0  0.0  0.0  0.0  0.0
            0.0  0.0  0.0
 GridFile=  None
 nGridMat=  256
GridSrfdx=  1.960784313725490D+00
     pMon=  -4.890000000000000D+02  -2.994261423915279D-14  -5.434798027140671D+01
     xMon=  6.123233995736766D-17  -1.000000000000000D+00  0.000000000000000D+00
     yMon=  9.761766878121512D-01  5.977358280657080D-17  2.169771282234560D-01
     zMon=  -2.169771282234560D-01  -1.328601727835201D-17  9.761766878121512D-01
     lMon=  2.500000000000000D+02
     nObs=  0
     xObs=  1.000000000000000D+00  0.000000000000000D+00  0.000000000000000D+00
   ApType=  Polygonal
PolyApVec=  6
            -2.776515474431315D+02  1.250000000000000D+02  -2.107200379415689D+01
            -4.890000000000000D+02  2.500000000000000D+02  -6.855391130547309D+01
            -7.003484525568686D+02  1.249999999999999D+02  -1.150361625114993D+02
            -7.003484525568686D+02  -1.250000000000000D+02  -1.150361625114993D+02
            -4.890000000000000D+02  -2.500000000000001D+02  -6.855391130547314D+01
            -2.776515474431315D+02  -1.250000000000000D+02  -2.107200379415689D+01
     zElt=  1.100001655125000D+03
  nMetPos=  6
	 -277.651547443132                        50         -18.0889595991878
         -277.651547443132                       100         -19.7935545258451
         -636.943916789808                     162.5         -98.2130350516773
         -679.213607301182                     137.5         -109.154294941155
         -552.404535767061                    -212.5         -79.6202208359386
         -510.134845255687                    -237.5         -71.9685679194901
  tMetElt= 11  6
	0 0 0 0 0 1
	0 0 0 1 0 0
	0 0 0 0 0 1
	0 1 0 0 0 0
	0 0 0 1 0 0
	0 1 0 0 0 0
 PropType=  Geometric
  nECoord=  6
     TElt=  6.123233995736766D-17  9.761766878121512D-01  -2.169771282234560D-01  0.000000000000000D+00  0.000000000000000D+00  0.000000000000000D+00
            -1.000000000000000D+00  5.977358280657080D-17  -1.328601727835201D-17  0.000000000000000D+00  0.000000000000000D+00  0.000000000000000D+00
            0.000000000000000D+00  2.169771282234560D-01  9.761766878121512D-01  0.000000000000000D+00  0.000000000000000D+00  0.000000000000000D+00
            0.000000000000000D+00  0.000000000000000D+00  0.000000000000000D+00  6.123233995736766D-17  9.761766878121512D-01  -2.169771282234560D-01
            0.000000000000000D+00  0.000000000000000D+00  0.000000000000000D+00  -1.000000000000000D+00  5.977358280657080D-17  -1.328601727835201D-17
            0.000000000000000D+00  0.000000000000000D+00  0.000000000000000D+00  0.000000000000000D+00  2.169771282234560D-01  9.761766878121512D-01

     iElt=  7
  EltName=  A3
  Element=  NSReflector
  NSCount=  1
  Surface=  Conic
    KrElt=  -2.200003310250000D+03
    KcElt=  -9.964542795480000D-01
   psiElt=  0.000000000000000D+00  0.000000000000000D+00  -1.000000000000000D+00
   VptElt=  0.000000000000000D+00  0.000000000000000D+00  0.000000000000000D+00
   RptElt=  -2.445000000000000D+02  -4.234864224505905D+02  -5.434798027140671D+01
   IndRef=  1.000000000000000D+00
   Extinc=  1.000000000000000D+22
 ZernType=  Malacara
 ZernCoef=  0.0  0.0  0.0  0.0  0.0  0.0
            0.0  0.0  0.0  0.0  0.0  0.0
            0.0  0.0  0.0  0.0  0.0  0.0
            0.0  0.0  0.0  0.0  0.0  0.0
            0.0  0.0  0.0  0.0  0.0  0.0
            0.0  0.0  0.0  0.0  0.0  0.0
            0.0  0.0  0.0  0.0  0.0  0.0
            0.0  0.0  0.0
 GridFile=  None
 nGridMat=  256
GridSrfdx=  1.960784313725490D+00
     pMon=  -2.445000000000000D+02  -4.234864224505905D+02  -5.434798027140671D+01
     xMon=  8.660254037844386D-01  -5.000000000000001D-01  0.000000000000000D+00
     yMon=  4.880883439060756D-01  8.453938102274741D-01  2.169771282234560D-01
     zMon=  -1.084885641117280D-01  -1.879077050817064D-01  9.761766878121512D-01
     lMon=  2.500000000000000D+02
     nObs=  0
     xObs=  1.000000000000000D+00  0.000000000000000D+00  0.000000000000000D+00
   ApType=  Polygonal
PolyApVec=  6
            -2.470789491946206D+02  -1.779532934858122D+02  -2.107200379415690D+01
            -4.610063509461097D+02  -2.984864224505905D+02  -6.855391130547314D+01
            -4.584274017514891D+02  -5.440195514153688D+02  -1.150361625114993D+02
            -2.419210508053795D+02  -6.690195514153688D+02  -1.150361625114993D+02
            -2.799364905389037D+01  -5.484864224505906D+02  -6.855391130547314D+01
            -3.057259824851094D+01  -3.029532934858121D+02  -2.107200379415689D+01
     zElt=  1.100001655125000D+03
  nMetPos=  6
	-182.127043910788         -215.453293485812         -18.0889595991878
          -225.42831410001         -190.453293485812         -19.7935545258451
         -459.201086509875         -470.359612725935         -98.2130350516773
         -458.685296670951         -519.466238518891         -109.154294941155
         -92.1718695793371         -584.646361140024         -79.6202208359386
         -49.3863892290393         -560.539735347068         -71.9685679194901
  tMetElt= 11  6
	1 0 0 0 0 0 
	0 0 0 0 1 0 
	1 0 0 0 0 0 
	0 0 1 0 0 0 
	0 0 0 0 1 0 
	0 0 1 0 0 0 
 PropType=  Geometric
  nECoord=  6
     TElt=  8.660254037844386D-01  4.880883439060756D-01  -1.084885641117280D-01  0.000000000000000D+00  0.000000000000000D+00  0.000000000000000D+00
            -5.000000000000001D-01  8.453938102274741D-01  -1.879077050817064D-01  0.000000000000000D+00  0.000000000000000D+00  0.000000000000000D+00
            0.000000000000000D+00  2.169771282234560D-01  9.761766878121512D-01  0.000000000000000D+00  0.000000000000000D+00  0.000000000000000D+00
            0.000000000000000D+00  0.000000000000000D+00  0.000000000000000D+00  8.660254037844386D-01  4.880883439060756D-01  -1.084885641117280D-01
            0.000000000000000D+00  0.000000000000000D+00  0.000000000000000D+00  -5.000000000000001D-01  8.453938102274741D-01  -1.879077050817064D-01
            0.000000000000000D+00  0.000000000000000D+00  0.000000000000000D+00  0.000000000000000D+00  2.169771282234560D-01  9.761766878121512D-01

     iElt=  8
  EltName=  A2
  Element=  NSReflector
  NSCount=  1
  Surface=  Conic
    KrElt=  -2.200003310250000D+03
    KcElt=  -9.964542795480000D-01
   psiElt=  0.000000000000000D+00  0.000000000000000D+00  -1.000000000000000D+00
   VptElt=  0.000000000000000D+00  0.000000000000000D+00  0.000000000000000D+00
   RptElt=  2.445000000000003D+02  -4.234864224505905D+02  -5.434798027140673D+01
   IndRef=  1.000000000000000D+00
   Extinc=  1.000000000000000D+22
 ZernType=  Malacara
 ZernCoef=  0.0  0.0  0.0  0.0  0.0  0.0
            0.0  0.0  0.0  0.0  0.0  0.0
            0.0  0.0  0.0  0.0  0.0  0.0
            0.0  0.0  0.0  0.0  0.0  0.0
            0.0  0.0  0.0  0.0  0.0  0.0
            0.0  0.0  0.0  0.0  0.0  0.0
            0.0  0.0  0.0  0.0  0.0  0.0
            0.0  0.0  0.0
 GridFile=  None
 nGridMat=  256
GridSrfdx=  1.960784313725490D+00
     pMon=  2.445000000000003D+02  -4.234864224505905D+02  -5.434798027140673D+01
     xMon=  8.660254037844385D-01  5.000000000000004D-01  0.000000000000000D+00
     yMon=  -4.880883439060761D-01  8.453938102274740D-01  2.169771282234560D-01
     zMon=  1.084885641117281D-01  -1.879077050817064D-01  9.761766878121512D-01
     lMon=  2.500000000000000D+02
     nObs=  0
     xObs=  1.000000000000000D+00  0.000000000000000D+00  0.000000000000000D+00
   ApType=  Polygonal
PolyApVec=  6
            3.057259824851107D+01  -3.029532934858122D+02  -2.107200379415690D+01
            2.799364905389063D+01  -5.484864224505906D+02  -6.855391130547314D+01
            2.419210508053798D+02  -6.690195514153687D+02  -1.150361625114993D+02
            4.584274017514894D+02  -5.440195514153687D+02  -1.150361625114994D+02
            4.610063509461099D+02  -2.984864224505903D+02  -6.855391130547314D+01
            2.470789491946206D+02  -1.779532934858121D+02  -2.107200379415689D+01
     zElt=  1.100001655125000D+03
     nMetPos=  6
	   95.5245035323439        -265.453293485812         -18.0889595991878
           52.223233343122         -290.453293485812         -19.7935545258451
          177.742830279933         -632.859612725935         -98.2130350516773
          220.528310630231         -656.966238518891         -109.154294941155
          460.232666187724         -372.146361140024         -79.6202208359386
          460.748456026648         -323.039735347068         -71.9685679194901
     tMetElt= 11  6   % target met elt is 11 (SM), on which there are 6 met pts
	0 1 0 0 0 0 
	0 0 0 0 0 1 
	0 1 0 0 0 0 
	0 0 0 1 0 0 
	0 0 0 0 0 1 
	0 0 0 1 0 0 
 PropType=  Geometric
  nECoord=  6
     TElt=  8.660254037844385D-01  -4.880883439060761D-01  1.084885641117281D-01  0.000000000000000D+00  0.000000000000000D+00  0.000000000000000D+00
            5.000000000000004D-01  8.453938102274740D-01  -1.879077050817064D-01  0.000000000000000D+00  0.000000000000000D+00  0.000000000000000D+00
            0.000000000000000D+00  2.169771282234560D-01  9.761766878121512D-01  0.000000000000000D+00  0.000000000000000D+00  0.000000000000000D+00
            0.000000000000000D+00  0.000000000000000D+00  0.000000000000000D+00  8.660254037844385D-01  -4.880883439060761D-01  1.084885641117281D-01
            0.000000000000000D+00  0.000000000000000D+00  0.000000000000000D+00  5.000000000000004D-01  8.453938102274740D-01  -1.879077050817064D-01
            0.000000000000000D+00  0.000000000000000D+00  0.000000000000000D+00  0.000000000000000D+00  2.169771282234560D-01  9.761766878121512D-01

     iElt=  9
  EltName=  A1
  Element=  NSReflector
  NSCount=  1
  Surface=  Conic
    KrElt=  -2.200003310250000D+03
    KcElt=  -9.964542795480000D-01
   psiElt=  0.000000000000000D+00  0.000000000000000D+00  -1.000000000000000D+00
   VptElt=  0.000000000000000D+00  0.000000000000000D+00  0.000000000000000D+00
   RptElt=  4.890000000000000D+02  8.982784271745836D-14  -5.434798027140671D+01
   IndRef=  1.000000000000000D+00
   Extinc=  1.000000000000000D+22
 ZernType=  Malacara
 ZernCoef=  0.0  0.0  0.0  0.0  0.0  0.0
            0.0  0.0  0.0  0.0  0.0  0.0
            0.0  0.0  0.0  0.0  0.0  0.0
            0.0  0.0  0.0  0.0  0.0  0.0
            0.0  0.0  0.0  0.0  0.0  0.0
            0.0  0.0  0.0  0.0  0.0  0.0
            0.0  0.0  0.0  0.0  0.0  0.0
            0.0  0.0  0.0
 GridFile=  None
 nGridMat=  256
GridSrfdx=  1.960784313725490D+00
     pMon=  4.890000000000000D+02  8.982784271745836D-14  -5.434798027140671D+01
     xMon=  -1.836970198721030D-16  1.000000000000000D+00  0.000000000000000D+00
     yMon=  -9.761766878121512D-01  -1.793207484197124D-16  2.169771282234560D-01
     zMon=  2.169771282234560D-01  3.985805183505603D-17  9.761766878121512D-01
     lMon=  2.500000000000000D+02
     nObs=  0
     xObs=  1.000000000000000D+00  0.000000000000000D+00  0.000000000000000D+00
   ApType=  Polygonal
PolyApVec=  6
            2.776515474431315D+02  -1.249999999999999D+02  -2.107200379415689D+01
            4.890000000000001D+02  -2.499999999999999D+02  -6.855391130547314D+01
            7.003484525568686D+02  -1.249999999999999D+02  -1.150361625114993D+02
            7.003484525568686D+02  1.250000000000001D+02  -1.150361625114993D+02
            4.889999999999999D+02  2.500000000000001D+02  -6.855391130547314D+01
            2.776515474431315D+02  1.250000000000001D+02  -2.107200379415690D+01
     zElt=  1.100001655125000D+03
  nMetPos=  6
  	  277.651547443132         -49.9999999999999         -18.0889595991878
          277.651547443132         -99.9999999999999         -19.7935545258451
          636.943916789808                    -162.5         -98.2130350516773
          679.213607301182                    -137.5         -109.154294941155
           552.40453576706                     212.5         -79.6202208359385
          510.134845255687                     237.5         -71.9685679194901
     tMetElt= 11  6   % target met elt is 11 (SM), on which there are 6 met pts
	0 0 1 0 0 0
	1 0 0 0 0 0
	0 0 3 0 0 0
	0 0 0 0 1 0
	1 0 0 0 0 0
	0 0 0 0 1 0
 PropType=  Geometric
  nECoord=  6
     TElt=  -1.836970198721030D-16  -9.761766878121512D-01  2.169771282234560D-01  0.000000000000000D+00  0.000000000000000D+00  0.000000000000000D+00
            1.000000000000000D+00  -1.793207484197124D-16  3.985805183505603D-17  0.000000000000000D+00  0.000000000000000D+00  0.000000000000000D+00
            0.000000000000000D+00  2.169771282234560D-01  9.761766878121512D-01  0.000000000000000D+00  0.000000000000000D+00  0.000000000000000D+00
            0.000000000000000D+00  0.000000000000000D+00  0.000000000000000D+00  -1.836970198721030D-16  -9.761766878121512D-01  2.169771282234560D-01
            0.000000000000000D+00  0.000000000000000D+00  0.000000000000000D+00  1.000000000000000D+00  -1.793207484197124D-16  3.985805183505603D-17
            0.000000000000000D+00  0.000000000000000D+00  0.000000000000000D+00  0.000000000000000D+00  2.169771282234560D-01  9.761766878121512D-01


    iElt=  10
  EltName=  NS_RefFlat1
  Element=  Reference
  Surface=  Flat
    KrElt=  -1.000000000000000D+22
    KcElt=  0.000000000000000D+00
   psiElt=  0.000000000000000D+00  0.000000000000000D+00  -1.000000000000000D+00
   VptElt=  0.000000000000000D+00  0.000000000000000D+00   -5.000000000000000D+02
   RptElt=  0.000000000000000D+00  0.000000000000000D+00   -5.000000000000000D+02
   IndRef=  1.000000000000000D+00
   Extinc=  0.000000000000000D+00
     nObs=  0
   ApType=  none
     zElt=  1.000000000000000D+22
 PropType=  Geometric
  nECoord=  -6


     iElt=  11
  EltName=  SM
  Element=  Reflector
  Surface=  Conic
    KrElt=  -3.072267967500000D+02
    KcElt=  -2.418891242830000D+00
   psiElt=  0.000000000000000D+00  0.000000000000000D+00  -1.000000000000000D+00
   VptElt=  0.000000000000000D+00  0.000000000000000D+00  -9.807473769030000D+02
%  RptElt=  0.000000000000000D+00  0.000000000000000D+00  -9.807473769030000D+02
   RptElt=  0.000000000000000D+00  0.000000000000000D+00  -9.650000000000000D+02 % dcr   
   IndRef=  1.000000000000000D+00
   Extinc=  0.000000000000000D+00
     nObs=  0
   ApType=  None
     zElt=  3.072267967500000D+02
  nMetPos=  6
  	  74.1561105118706          26.9906169152759          -990.65588353868
          13.7034953434924          77.7163840067641          -990.65588353868
         -60.4526151683782          50.7257670914882          -990.65588353868
         -74.1561105118706         -26.9906169152759          -990.65588353868
         -13.7034953434924         -77.7163840067641          -990.65588353868
          60.4526151683782         -50.7257670914883          -990.65588353868
 PropType=  Geometric
  nECoord=  -6

     iElt=  12
  EltName=  Cass.Focus
  Element=  Reference
  Surface=  Conic
    KrElt=  -1.000000000000000D+22
    KcElt=  0.000000000000000D+00
   psiElt=  0.000000000000000D+00  0.000000000000000D+00  1.000000000000000D+00
   VptElt=  0.000000000000000D+00  0.000000000000000D+00  -4.479343353450000D+02
   RptElt=  0.000000000000000D+00  0.000000000000000D+00  -4.479343353450000D+02
   IndRef=  1.000000000000000D+00
   Extinc=  0.000000000000000D+00
     nObs=  0
   ApType=  None
     zElt=  1.000000000000000D+22
 PropType=  Geometric
  nECoord=  -6

     iElt=  13
  EltName=  TM
  Element=  Reflector
  Surface=  Conic
    KrElt=  -3.481400482890723D+02
    KcElt=  -7.767726522290001D-01
   psiElt=  0.000000000000000D+00  0.000000000000000D+00  -1.000000000000000D+00
   VptElt=  0.000000000000000D+00  0.000000000000000D+00  -2.429343353450000D+02
   RptElt=  0.000000000000000D+00  0.000000000000000D+00  -2.429343353450000D+02
   IndRef=  1.000000000000000D+00
   Extinc=  0.000000000000000D+00
     nObs=  0
   ApType=  None
     zElt=  3.481623692730000D+02
 PropType=  Geometric
  nECoord=  -6

     iElt=  14
  EltName=  FSM
  Element=  Reflector
  Surface=  Conic
    KrElt=  -1.000000000000000D+22
    KcElt=  0.000000000000000D+00
   psiElt=  0.000000000000000D+00  -1.736481776670000D-01  9.848077530120000D-01
   VptElt=  0.000000000000000D+00  0.000000000000000D+00  -4.479343353450000D+02
   %RptElt=  0.000000000000000D+00  0.000000000000000D+00  -4.479343353450000D+02
   RptElt=  0.000000000000000D+00  0.000000000000000D+00  -2.429343353450000D+02 % same as TM
   IndRef=  1.000000000000000D+00
   Extinc=  0.000000000000000D+00
     nObs=  0
   ApType=  None
     zElt=  1.000000000000000D+22
 PropType=  Geometric
  nECoord=  -6

     iElt=  15
  EltName=  Roof
  Element=  Reflector
  Surface=  Conic
    KrElt=  -1.000000000000000D+22
    KcElt=  0.000000000000000D+00
   psiElt=  -7.071067811870000D-01  -2.418447626480000D-01  6.644630243890000D-01
   VptElt=  0.000000000000000D+00  -2.982415649800000D+02  3.714776299800000D+02
   %RptElt=  0.000000000000000D+00  -2.982415649800000D+02  3.714776299800000D+02
   RptElt=  0.000000000000000D+00  0.000000000000000D+00  -2.429343353450000D+02 % same as TM
   IndRef=  1.000000000000000D+00
   Extinc=  0.000000000000000D+00
     nObs=  0
   ApType=  None
     zElt=  1.000000000000000D+22
 PropType=  Geometric
  nECoord=  -6

     iElt=  16
  EltName=  Detector
  Element=  Return
  Surface=  Flat
    KrElt=  -1.000000000000000D+22
    KcElt=  0.000000000000000D+00
   psiElt=  -1.000000000000000D+00 -2.775557561560000D-17  1.665334536940000D-16
   VptElt=  8.794000000D+01  -2.982415649800000D+02  3.714776299800000D+02
   %RptElt=  8.794000000D+01  -2.982415649800000D+02  3.714776299800000D+02
   RptElt=  0.000000000000000D+00  0.000000000000000D+00  -2.429343353450000D+02 % same as TM
   IndRef=  1.000000000000000D+00
   Extinc=  0.000000000000000D+00
     nObs=  0
   ApType=  None
     zElt=  1.000000000000000D+22
 PropType=  Geometric
  nECoord=  -6

     iElt=  17
  EltName=  ExitPupil
  Element=  Return
  Surface=  Conic
   KrElt=  -9.473696018473738D+02
   KcElt=   0.000000000000000D+00
  psiElt=   1.000000000000000D+00 -3.807083233075207D-13  6.882150462312471D-14
  VptElt=  -8.594296018473735D+02 -2.982415649797292D+02  3.714776299799195D+02
  RptElt=  -8.594296018473735D+02 -2.982415649797292D+02  3.714776299799195D+02
   IndRef=  1.000000000000000D+00
   Extinc=  0.000000000000000D+00
     nObs=  0
   ApType=  None
    zElt=   9.473696018473738D+02
 PropType=  Farfield
  nECoord=  -6

     iElt=  18
  EltName=  Focal_Plane
  Element=  FocalPlane
  Surface=  Flat
    KrElt=  -1.000000000000000D+22
    KcElt=  0.000000000000000D+00
   psiElt=  -1.000000000000000D+00 -2.775557561560000D-17  1.665334536940000D-16
   VptElt=  8.794000000D+01  -2.982415649800000D+02  3.714776299800000D+02
   RptElt=  8.794000000D+01  -2.982415649800000D+02  3.714776299800000D+02
   IndRef=  1.000000000000000D+00
   Extinc=  0.000000000000000D+00
     nObs=  0
   ApType=  None
     zElt=  1.000000000000000D+22
 PropType=  Geometric
  nECoord=  -6

 nOutCord=  5
     Tout=  0.000000000000000D+00  -3.420201433260000D-01  9.396926207860000D-01  0.000000000000000D+00  0.000000000000000D+00  0.000000000000000D+00  0.000000000000000D+00
            0.000000000000000D+00  9.396926207860000D-01  3.420201433260000D-01  0.000000000000000D+00  0.000000000000000D+00  0.000000000000000D+00  0.000000000000000D+00
            0.000000000000000D+00  0.000000000000000D+00  0.000000000000000D+00  0.000000000000000D+00  -3.420201433260000D-01  9.396926207860000D-01  0.000000000000000D+00
            0.000000000000000D+00  0.000000000000000D+00  0.000000000000000D+00  0.000000000000000D+00  9.396926207860000D-01  3.420201433260000D-01  0.000000000000000D+00
            0.000000000000000D+00  0.000000000000000D+00  0.000000000000000D+00  0.000000000000000D+00  0.000000000000000D+00  0.000000000000000D+00  1.000000000000000D+00
          
